198
197
196
195
194
193
191
190
189
188
187
186
185
184
183
182
178
179
176
177
174
175
172
173
170
171
168
169
166
167
164
165
162
163
160
161
158
159
156
157
154
155
152
153
150
151
148
149
146
147
144
145
142
143
140
141
138
139
136
137
134
135
132
133
130
131
128
129
126
127
124
125
122
123
120
121
118
119
116
117
114
115
112
113
110
111
108
109
106
107
104
105
102
103
100
101
98
99
96
97
94
95
92
93
90
91
88
89
86
87
84
85
82
83
80
81
78
79
76
77
74
75
72
73
70
71
68
69
66
67
64
65
62
63
60
61
58
59
56
57
54
55
52
53
50
51
48
49
46
47
44
45
42
43
40
41
38
39
36
37
34
35
32
33
30
31
28
29
26
27
24
25
22
23
20
21
18
19
16
17
