633
634
631
632
629
630
627
628
625
626
622
623
620
621
614
615
612
613
604
605
600
601
599
598
590
591
588
589
578
579
576
577
568
569
566
567
558
559
556
557
553
554
551
552
548
549
550
546
547
544
545
542
543
539
540
541
531
532
533
534
535
536
537
538
523
524
525
526
527
528
529
530
515
516
517
518
519
520
521
522
513
512
511
503
504
505
506
507
508
509
510
495
496
497
498
499
500
501
502
494
493
492
491
490
489
488
480
481
482
483
484
485
486
487
472
473
474
475
476
477
478
479
471
470
469
461
462
463
464
465
466
467
468
460
452
453
454
455
456
457
458
459
451
450
449
448
447
446
445
437
438
439
440
441
442
443
444
429
430
431
432
433
434
435
436
428
427
426
425
424
423
422
414
415
416
417
418
419
420
421
406
407
408
409
410
411
412
413
405
404
403
402
401
400
399
391
392
393
394
395
396
397
398
390
382
383
384
385
386
387
388
389
381
380
379
378
377
376
375
367
368
369
370
371
372
373
374
359
360
361
362
363
364
365
366
358
357
356
355
347
348
349
350
351
352
353
354
339
340
341
342
343
344
345
346
338
337
336
335
334
333
332
331
330
329
328
320
321
322
323
324
325
326
327
319
311
312
313
314
315
316
317
318
310
309
308
307
306
305
304
303
302
301
300
292
293
294
295
296
297
298
299
284
285
286
287
288
289
290
291
283
282
281
280
279
278
277
276
268
269
270
271
272
273
274
275
260
261
262
263
264
265
266
267
259
258
257
256
255
254
253
245
246
247
248
249
250
251
252
237
238
239
240
241
242
243
244
236
235
234
233
232
231
230
229
221
222
223
224
225
226
227
228
213
214
215
216
217
218
219
220
212
211
210
202
203
204
205
206
207
208
209
201
200
198
197
196
195
194
193
191
190
189
188
187
186
185
184
183
182
178
179
176
177
174
175
172
173
170
171
168
169
166
167
164
165
162
163
160
161
158
159
156
157
154
155
152
153
150
151
148
149
146
147
144
145
142
143
140
141
138
139
136
137
134
135
132
133
130
131
128
129
126
127
124
125
122
123
120
121
118
119
116
117
114
115
112
113
110
111
108
109
106
107
104
105
102
103
100
101
98
99
96
97
94
95
92
93
90
91
88
89
86
87
84
85
82
83
80
81
78
79
76
77
74
75
72
73
70
71
68
69
66
67
64
65
62
63
60
61
58
59
56
57
54
55
52
53
50
51
48
49
46
47
44
45
42
43
40
41
38
39
36
37
34
35
32
33
30
31
28
29
26
27
24
25
22
23
20
21
18
19
16
17
