188
186
187
185
183
184
182
180
181
179
177
178
175
176
174
172
173
170
171
168
169
166
167
164
165
162
163
160
161
159
157
158
156
154
155
152
153
151
149
150
148
146
147
145
143
144
140
141
138
139
136
137
134
135
131
132
129
130
127
128
125
126
123
124
121
122
119
120
117
118
115
116
113
114
111
112
110
108
109
106
107
105
104
103
101
102
99
100
98
97
95
96
93
94
92
90
91
88
89
87
86
84
85
82
83
81
79
80
77
78
75
76
73
74
69
70
58
59
60
61
62
63
64
65
42
43
44
45
46
47
48
49
26
27
28
29
30
31
32
33
10
11
12
13
14
15
16
17
