189
190
183
184
179
180
171
172
169
170
161
162
159
160
151
152
147
148
138
139
136
137
132
133
130
131
128
129
126
127
124
125
122
123
120
121
118
119
116
117
115
114
113
112
111
110
108
107
106
104
105
103
101
102
100
98
99
97
95
96
94
92
93
91
89
90
88
86
87
85
84
82
83
80
81
79
78
76
77
74
75
72
73
70
71
68
69
66
67
65
64
62
63
60
61
59
58
56
57
54
55
53
52
50
51
48
49
47
46
44
45
42
43
41
40
38
39
36
37
35
33
34
31
32
29
30
27
28
26
24
25
22
23
21
20
18
19
16
17
15
14
12
13
10
11
9
8
6
7
5
4
3
2
