432
433
431
430
428
426
427
424
425
422
423
421
419
420
418
415
416
413
414
412
410
411
408
409
407
405
406
403
404
401
399
400
397
398
396
394
395
392
393
390
388
389
387
385
384
383
379
377
378
376
374
375
373
371
372
370
368
369
366
367
365
363
364
361
362
359
360
357
358
355
356
353
354
351
352
350
348
349
347
345
346
343
344
342
340
341
339
337
338
336
334
335
331
332
329
330
327
328
325
326
322
323
320
321
318
319
316
317
314
315
312
313
310
311
308
309
306
307
304
305
302
303
301
299
300
297
298
296
295
294
292
293
290
291
289
288
286
287
284
285
283
281
282
279
280
278
277
275
276
273
274
272
270
271
268
269
266
267
264
265
260
261
249
250
251
252
253
254
255
256
233
234
235
236
237
238
239
240
217
218
219
220
221
222
223
224
201
202
203
204
205
206
207
208
190
191
184
185
180
181
172
173
170
171
162
163
160
161
152
153
148
149
139
140
137
138
133
134
131
132
129
130
127
128
125
126
123
124
121
122
119
120
117
118
116
115
114
113
112
111
109
108
107
105
106
104
102
103
101
99
100
98
96
97
95
93
94
92
90
91
89
87
88
86
85
83
84
81
82
80
79
77
78
75
76
73
74
71
72
69
70
67
68
66
65
63
64
61
62
60
59
57
58
55
56
54
53
51
52
49
50
48
47
45
46
43
44
42
41
39
40
37
38
36
34
35
32
33
30
31
28
29
27
25
26
23
24
22
21
19
20
17
18
16
15
13
14
11
12
10
9
7
8
6
5
4
3
